0000,calculated=(0.902664363384247, 0.9026653567949933, 0.9026653567949933),expected=(0.9000199999999999, 0.9000199999999999, 0.9000199999999999)
0001,calculated=(0.9247085452079772, 0.9247121214866637, 0.9247129162152606),expected=(0.9000199999999999, 0.9000199999999999, 0.9000199999999999)
0002,calculated=(0.9163226683934528, 0.9163218736648558, 0.9163213769594827),expected=(0.9000199999999999, 0.9000199999999999, 0.9000199999999999)
0003,calculated=(0.9147939085960387, 0.9147945046424865, 0.9147942066192626),expected=(0.9000199999999999, 0.9000199999999999, 0.9000199999999999)
0004,calculated=(0.9244661529858905, 0.9244660536448159, 0.9244661529858905),expected=(0.9000199999999999, 0.9000199999999999, 0.9000199999999999)
0005,calculated=(0.913598934809367, 0.9136025110880536, 0.9136031071345013),expected=(0.9000199999999999, 0.9000199999999999, 0.9000199999999999)
0006,calculated=(0.9209030866622924, 0.9209030866622924, 0.9209028879801431),expected=(0.9000199999999999, 0.9000199999999999, 0.9000199999999999)
0007,calculated=(0.9173955519994106, 0.917389591534933, 0.9173883001009628),expected=(0.9000199999999999, 0.9000199999999999, 0.9000199999999999)
0008,calculated=(0.9256640076637267, 0.925662318865458, 0.9256617228190103),expected=(0.9000199999999999, 0.9000199999999999, 0.9000199999999999)
0009,calculated=(0.9432128071784972, 0.9432121117909747, 0.9432121117909747),expected=(0.9000199999999999, 0.9000199999999999, 0.9000199999999999)
